Generacion  0
1.0
1.0
1.0
1.0
1.0
1.0
1.0
1.0
0.985
0.955
0.95
0.9475
0.94
0.94
0.9325
0.9225
0.905
0.895
0.8925
0.8875
0.88
0.8675
0.86
0.85
0.8375
0.795
0.79
0.7875
0.7825
0.7675
0.75
0.7325
0.73
0.7225
0.705
0.69
0.6725
0.67
0.6675
0.6575
0.6475
0.6475
0.6375
0.6325
0.62
0.6075
0.535
0.515
0.47
0.3825


40.06249999999999
Generacion  1
1.0
1.0
1.0
1.0
1.0
1.0
1.0
1.0
1.0
0.9875
0.9875
0.9325
0.9325
0.9275
0.925
0.92
0.9075
0.905
0.9025
0.8875
0.8875
0.88
0.8775
0.86
0.8525
0.8475
0.79
0.7875
0.78
0.7575
0.7525
0.7325
0.7275
0.72
0.705
0.705
0.6975
0.6925
0.69
0.6725
0.6725
0.67
0.67
0.6475
0.62
0.6125
0.6075
0.6025
0.5775
0.5725


40.88249999999999
Generacion  2
1.0
1.0
1.0
1.0
1.0
1.0
1.0
1.0
1.0
1.0
1.0
1.0
1.0
1.0
1.0
1.0
0.9875
0.95
0.945
0.9425
0.9425
0.9325
0.9325
0.91
0.9075
0.905
0.8925
0.8875
0.88
0.875
0.8425
0.835
0.8325
0.825
0.825
0.82
0.795
0.79
0.7875
0.78
0.775
0.7675
0.765
0.7475
0.745
0.71
0.705
0.6725
0.585
0.5725


44.0675
Generacion  3
1.0
1.0
1.0
1.0
1.0
1.0
1.0
1.0
1.0
1.0
1.0
0.99
0.98
0.965
0.9475
0.945
0.9325
0.93
0.9175
0.915
0.9025
0.8925
0.8825
0.8725
0.87
0.855
0.845
0.8425
0.835
0.8325
0.83
0.82
0.8125
0.8075
0.805
0.7975
0.785
0.765
0.76
0.755
0.75
0.7425
0.7225
0.705
0.6875
0.68
0.6525
0.6175
0.605
0.6025


42.85499999999999
Generacion  4
1.0
1.0
1.0
1.0
1.0
1.0
0.9475
0.94
0.915
0.915
0.8975
0.8425
0.835
0.825
0.8225
0.8175
0.805
0.805
0.805
0.7975
0.79
0.7725
0.77
0.7675
0.755
0.75
0.7475
0.7425
0.73
0.7275
0.725
0.7225
0.72
0.7075
0.705
0.705
0.6825
0.68
0.6775
0.6775
0.675
0.6625
0.655
0.6525
0.64
0.6375
0.6175
0.6025
0.54
0.47


38.67749999999999
1.0
